MAE: 0.318244069814682
RMSE: 0.5547559991368626
R2: 0.8822863698005676
